EST	Max TemperatureF	Mean TemperatureF	Min TemperatureF	Max Dew PointF	MeanDew PointF	Min DewpointF	Max Humidity	 Mean Humidity	 Min Humidity	 Max Sea Level PressureIn	 Mean Sea Level PressureIn	 Min Sea Level PressureIn	 Max VisibilityMiles	 Mean VisibilityMiles	 Min VisibilityMiles	 Max Wind SpeedMPH	 Mean Wind SpeedMPH	 Max Gust SpeedMPH	PrecipitationIn	 CloudCover	 Events	 WindDirDegrees
12/9/2013	48	37	26	41	32	15	96	72	47	30.48	30.18	29.88	10	3	1	18	12	22	0.43	8	Rain-Snow	71
12/10/2013	38	33	27	32	27	13	89	70	50	30.01	29.87	29.79	10	5	0	21	11	31	0.07	6	Fog-Snow	252
12/11/2013	32	28	24	17	16	14	68	61	53	30.22	30.14	30.04	10	10	10	22	14	29	0	2		245
12/12/2013	27	23	18	16	4	-4	68	47	26	30.28	30.2	30.09	10	10	10	20	12	26	0	1		287
12/13/2013	30	23	16	16	8	1	68	55	42	30.4	30.12	30.01	10	10	10	21	14	29	0	3		274
12/14/2013	31	21	11	29	11	-8	88	65	42	30.61	30.46	30.16	10	5	0	32	14	38	0.22	7	Fog-Snow	44
12/15/2013	38	31	23	37	27	18	100	82	63	30.09	29.62	29.39	10	4	0	41	19	52	0.64	7	Fog-Rain-Snow	348
12/16/2013	30	25	20	21	11	5	75	55	35	30.22	29.97	29.75	10	9	4	25	14	31	T	3	Snow	279
12/17/2013	28	19	9	25	12	-3	96	73	49	30.29	30.12	29.95	10	4	0	22	10	30	0.53	6	Fog-Snow	4
12/18/2013	36	28	19	19	17	14	84	64	44	30.08	29.94	29.86	10	10	7	18	13	24	T	4		298
12/19/2013	43	35	27	26	22	19	69	56	43	30.12	30.05	29.96	10	10	10	25	12	35	0	6		233
12/20/2013	51	42	32	34	30	25	82	66	50	30.13	30.02	29.91	10	10	7	17	8	24	0	6		201
12/21/2013	54	48	41	46	41	33	89	78	67	29.96	29.92	29.88	10	10	9	17	11	23	0	7		215
12/22/2013	54	45	35	50	40	34	100	92	83	30.04	29.9	29.81	10	3	0	25	8	30	0.01	8	Fog-Rain	52
12/23/2013	40	37	33	36	34	30	100	93	85	30.09	30.04	29.98	10	4	0	14	6	17	0.68	8	Fog-Rain	341
12/24/2013	40	34	28	34	20	11	85	65	44	30.21	30.12	30.05	10	10	10	17	10	24	0	5		321
12/25/2013	28	22	15	12	3	-2	60	49	38	30.56	30.45	30.21	10	10	10	23	10	31	T	4		286
12/26/2013	36	29	21	31	23	5	92	70	47	30.51	30.27	30.09	10	8	1	17	7	24	0.05	7	Rain-Snow	204
12/27/2013	35	32	28	21	18	16	75	61	47	30.28	30.24	30.2	10	10	10	20	12	25	0	3		257
12/28/2013	48	38	27	26	23	20	75	57	39	30.22	30.1	29.99	10	10	9	23	10	30	0	2		230
12/29/2013	44	39	33	40	34	25	100	80	59	30.05	29.72	29.39	10	5	0	26	8	31	1.32	8	Rain-Snow	55
12/30/2013	44	32	19	34	23	6	92	65	38	30.17	29.85	29.51	10	10	10	26	14	36	0	3		291
12/31/2013	26	20	14	13	2	-7	60	48	36	30.18	30.12	30.04	10	10	9	17	9	24	T	4	Snow	290
1/1/2014	29	24	19	7	5	3	52	43	34	30.4	30.33	30.2	10	10	10	22	9	29	0	3		296
1/2/2014	26	14	2	21	11	-3	88	69	50	30.36	30.14	29.86	4	1	0	32	18	38	0.38	8	Fog-Snow	11
1/3/2014	14	8	2	1	-4	-12	87	66	45	30.4	29.99	29.72	10	5	0	26	17	36	0.19	4	Fog-Snow	337
1/4/2014	27	15	2	18	1	-12	69	50	31	30.51	30.38	30.26	10	10	10	24	12	31	0	2		228
1/5/2014	38	31	24	36	26	12	100	74	47	30.32	30.19	29.94	10	8	0	23	8	30	0.04	6	Fog-Rain	148
1/6/2014	56	43	29	54	42	13	100	77	53	29.88	29.5	29.29	10	5	0	25	14	33	0.32	8	Fog-Rain	204
1/7/2014	29	19	9	11	-6	-13	50	41	31	30.23	29.93	29.53	10	10	10	30	20	41	T	2		272
1/8/2014	22	15	7	1	-3	-9	60	48	36	30.45	30.39	30.24	10	10	10	23	13	32	0	1		259
1/9/2014	30	25	19	11	5	1	67	49	31	30.65	30.56	30.43	10	10	10	17	9	23	0	2		256
1/10/2014	37	28	18	34	25	9	100	80	60	30.61	30.44	30.28	10	5	0	12	5	14	0.02	8	Fog-Snow	179
1/11/2014	59	47	34	55	46	33	100	93	86	30.25	29.79	29.29	10	3	0	31	12	41	0.54	8	Fog-Rain-Thunderstorm	176
1/12/2014	54	46	37	50	30	23	89	67	45	29.97	29.61	29.3	10	10	10	29	16	38	T	5	Rain	272
1/13/2014	51	41	31	43	29	22	86	63	39	30.12	30.03	29.91	10	10	10	21	12	26	0	4		212
1/14/2014	50	47	44	46	44	39	100	90	80	29.89	29.74	29.63	10	6	0	17	8	22	0.79	8	Fog-Rain	226
1/15/2014	48	42	35	39	35	32	92	76	60	30.02	29.94	29.79	10	9	3	15	7	18	T	4		220
1/16/2014	39	36	33	37	35	32	100	93	85	29.94	29.89	29.85	4	2	0	8	3	10	0	8	Fog	33
1/17/2014	46	40	33	36	30	20	92	65	37	29.99	29.94	29.91	10	6	0	17	8	24	0	5	Fog	185
1/18/2014	38	35	32	36	32	29	92	87	82	29.92	29.74	29.61	10	5	0	12	7	17	0.79	8	Fog-Rain-Snow	17
1/19/2014	35	33	30	30	25	20	89	73	56	29.73	29.65	29.55	10	7	0	26	15	35	0.03	7	Fog-Snow	243
1/20/2014	41	34	26	25	21	9	69	56	42	29.86	29.61	29.51	10	10	10	25	15	32	0	7		245
1/21/2014	26	19	11	8	3	-6	76	58	40	30.07	29.99	29.88	10	5	1	22	12	28	0.11	7	Snow	352
1/22/2014	18	13	7	5	-2	-7	83	60	37	29.9	29.77	29.64	10	6	1	24	17	31	T	6	Snow	338
1/23/2014	22	14	6	-1	-6	-9	58	45	31	30.15	30.03	29.91	10	10	10	22	13	28	0	2		287
1/24/2014	19	13	7	0	-6	-9	55	43	30	30.26	30.18	30.07	10	10	10	22	14	26	0	1		268
1/25/2014	38	27	15	27	18	1	78	65	51	30.03	29.6	29.34	10	8	2	37	17	48	T	7	Snow	217
1/26/2014	26	21	16	15	2	-8	68	51	33	29.9	29.72	29.35	10	10	10	32	16	44	0	4		249
1/27/2014	47	34	21	37	18	0	81	55	29	29.99	29.73	29.53	10	10	7	28	14	39	0.02	8	Rain	238
1/28/2014	21	17	13	1	-8	-14	45	35	24	30.31	30.23	30.01	10	10	10	25	13	33	0	6		273
1/29/2014	27	21	15	7	-3	-9	61	41	21	30.22	30.11	29.99	10	9	2	22	10	28	0.01	4	Snow	285
1/30/2014	30	23	16	12	2	-6	62	47	31	30.44	30.33	30.21	10	10	10	17	10	21	0	1		243
1/31/2014	43	33	22	23	16	7	81	54	27	30.2	30.1	30.01	10	10	10	18	9	22	0	8		244
2/1/2014	42	37	32	28	21	17	75	57	38	30.35	30.24	30.04	10	10	9	17	8	20	0	6		209
2/2/2014	55	43	31	38	33	28	89	66	43	30.06	29.94	29.87	10	9	5	15	7	18	0.02	7	Rain	256
2/3/2014	41	34	27	31	26	21	92	74	56	30.3	30.19	30.08	10	5	1	15	9	18	0.17	8	Snow	11
2/4/2014	35	29	23	23	18	15	81	64	47	30.45	30.38	30.29	10	10	10	12	6	14	0	5		275
2/5/2014	33	29	24	31	26	19	100	89	78	30.27	29.94	29.63	10	3	0	22	11	32	1.11	8	Fog-Snow	55
2/6/2014	28	24	19	18	11	6	81	64	46	30.27	30.18	29.99	10	10	4	17	8	22	T	5	Snow	299
2/7/2014	30	25	19	10	8	6	57	50	42	30.27	30.21	30.16	10	10	10	18	11	23	0	3		259
2/8/2014	29	24	18	5	2	0	50	41	31	30.3	30.22	30.12	10	10	10	20	10	28	0	5		274
2/9/2014	30	26	21	25	18	5	85	61	37	30.18	30.06	29.96	10	8	1	14	8	17	0.03	8	Snow	90
2/10/2014	30	25	20	21	12	4	88	64	40	30.22	30.03	29.91	10	9	1	20	12	25	T	3	Snow	288
2/11/2014	25	20	14	5	2	-2	61	48	35	30.44	30.3	30.23	10	10	10	20	10	25	0	0		305
2/12/2014	23	16	8	13	1	-6	68	51	34	30.57	30.5	30.43	10	10	10	22	8	28	0	3		93
2/13/2014	36	29	21	33	29	12	96	82	68	30.43	29.88	29.02	10	4	0	39	20	49	1	8	Fog-Rain-Snow	68
2/14/2014	37	33	29	32	26	19	96	74	52	29.73	29.1	28.83	10	6	1	35	18	51	0.31	6	Rain-Snow	298
2/15/2014	35	31	27	29	25	21	92	77	61	29.86	29.72	29.46	10	4	0	24	10	30	0.33	7	Fog-Snow	34
2/16/2014	33	28	23	27	12	7	85	61	36	29.96	29.72	29.46	10	9	0	36	17	49	0.02	6	Snow	294
2/17/2014	29	22	14	2	-3	-6	50	37	23	30.38	30.22	30	10	10	10	24	15	32	0	1		319
2/18/2014	35	25	14	31	20	-5	92	63	34	30.37	30.07	29.88	10	6	1	23	11	28	0.22	7	Rain-Snow	1
2/19/2014	36	29	21	32	27	17	96	82	68	30.1	29.88	29.72	10	5	0	16	8	20	0.25	7	Fog-Rain-Snow	345
2/20/2014	48	41	33	32	27	20	89	60	31	30.22	30.12	29.84	10	9	3	17	9	23	0.08	4	Rain	257
2/21/2014	44	39	34	43	36	32	100	93	85	30.17	29.93	29.68	10	4	0	21	9	31	0.22	8	Fog-Rain-Thunderstorm	84
2/22/2014	50	42	34	33	27	21	96	64	32	29.97	29.92	29.85	10	10	10	29	14	35	0	1		222
2/23/2014	52	43	34	31	26	24	76	56	35	30.01	29.91	29.77	10	10	10	17	6	23	0	6		217
2/24/2014	45	35	24	27	11	4	55	41	27	29.96	29.81	29.74	10	10	10	26	16	37	0	4		284
2/25/2014	29	26	22	9	5	3	54	44	34	29.99	29.94	29.88	10	10	10	21	11	28	0	4		277
2/26/2014	32	24	16	8	2	-10	61	43	24	29.95	29.86	29.77	10	10	10	24	12	33	0	4		259
2/27/2014	30	21	12	21	6	-7	75	51	27	29.91	29.74	29.59	10	7	0	29	12	37	0.02	6	Snow	270
2/28/2014	25	18	10	-7	-10	-13	46	32	18	30.45	30.26	29.95	10	10	10	26	12	33	0	1		285
3/1/2014	36	26	16	22	7	-10	51	40	28	30.45	30.31	30.1	10	10	10	18	6	22	0	4		221
3/2/2014	40	35	30	25	20	14	69	59	48	30.08	30.02	29.98	10	10	6	16	7	18	T	8	Snow	258
3/3/2014	30	23	16	12	-1	-9	50	39	28	30.3	30.14	30	10	10	10	22	12	26	0	6		339
3/4/2014	31	22	12	2	-5	-9	42	32	21	30.39	30.31	30.26	10	10	10	13	8	17	0	5		280
3/5/2014	29	25	20	19	14	0	81	55	29	30.5	30.33	30.25	10	9	2	16	10	20	0	8	Snow	7
3/6/2014	25	18	11	9	1	-10	67	46	24	30.65	30.58	30.51	10	10	10	16	7	22	0	1		23
3/7/2014	34	25	16	27	18	9	78	64	49	30.51	30.27	29.96	10	10	10	12	5	15	0	5		50
3/8/2014	55	41	27	30	23	17	81	54	26	29.94	29.8	29.69	10	10	10	20	8	25	0	4		327
3/9/2014	43	37	30	17	8	1	51	35	18	29.94	29.9	29.87	10	10	10	21	11	25	0	5		315
3/10/2014	44	36	28	31	23	8	85	60	35	29.89	29.79	29.65	10	7	1	15	8	20	0.03	8	Rain-Snow	216
3/11/2014	60	47	34	34	30	25	92	60	28	29.73	29.59	29.52	10	8	5	16	9	22	0	5		254
3/12/2014	46	42	37	43	37	34	89	80	70	29.73	29.4	29.03	10	5	1	15	5	20	0.03	8	Rain	27
3/13/2014	37	21	18	34	12	-2	89	64	24	29.94	29.42	29.01	10	5	1	28	17	38	0.01	7	Rain-Snow	314
3/14/2014	39	28	16	25	8	-3	59	44	29	30.18	30.05	29.95	10	10	10	22	14	31	0	3		234
3/15/2014	57	48	38	37	30	25	76	56	35	29.9	29.77	29.67	10	10	9	21	15	40	0.01	5	Rain	248
3/16/2014	37	30	23	16	6	-3	53	38	22	30.2	30.07	29.9	10	10	10	23	16	33	0	4		295
3/17/2014	27	22	16	12	0	-9	55	43	30	30.2	30.14	30.06	10	10	10	16	8	23	0	5		15
3/18/2014	33	27	20	20	10	-3	69	51	32	30.37	30.31	30.17	10	10	10	12	8		0	1		59
3/19/2014	41	34	27	31	25	19	82	71	59	30.4	30.26	30.01	10	10	10	21	10	25	T	4		76
3/20/2014	52	45	37	39	34	23	100	70	39	30	29.71	29.61	10	7	2	26	12	35	0.29	6	Rain	304
3/21/2014	45	40	34	22	20	18	56	46	36	30.04	29.86	29.75	10	10	10	26	17	37	0	3		273
3/22/2014	57	43	28	37	24	18	75	52	29	30.05	29.89	29.65	10	10	7	33	14	44	T	3	Rain	242
3/23/2014	44	33	22	22	13	0	61	42	23	30.07	29.97	29.91	10	10	10	22	13	28	0	7		287
3/24/2014	33	25	17	-2	-4	-6	43	32	20	30.18	30.12	30.05	10	10	10	24	13	31	0	1		321
3/25/2014	39	30	21	16	8	1	52	37	22	30.16	30.08	29.92	10	10	10	21	10	26	0	5		219
3/26/2014	35	30	24	16	7	-3	53	39	25	30.01	29.74	29.58	10	10	6	38	26	54	T	7	Snow	345
3/27/2014	46	34	21	14	1	-4	40	27	14	30.32	30.24	30.04	10	10	10	24	14	31	0	3		264
3/28/2014	60	48	35	47	36	17	86	66	46	30.25	30.07	29.96	10	10	5	30	14	37	0.02	8	Rain	217
3/29/2014	52	46	39	46	39	35	92	77	61	30.25	30.15	30.01	10	7	2	22	13	28	0.97	6	Rain	28
3/30/2014	43	40	36	41	37	33	96	91	86	29.95	29.71	29.63	10	3	0	27	17	36	2.23	8	Fog-Rain	16
3/31/2014	42	38	34	34	31	27	92	76	59	30	29.81	29.71	10	5	2	24	13	33	0.44	8	Rain-Snow	2
4/1/2014	47	41	34	32	28	25	70	60	49	30.11	30.05	30.01	10	10	10	18	10	23	0	5		28
4/2/2014	46	42	37	35	32	26	82	68	53	30.13	30.08	30.03	10	10	10	13	6	14	0	5		37
4/3/2014	54	44	34	33	27	21	85	59	32	30.15	30.08	30.05	10	10	10	17	9	22	0	1		11
4/4/2014	44	41	37	36	32	26	92	76	59	30.18	30.08	29.92	10	9	3	20	11	23	0.26	7	Rain	80
4/5/2014	54	46	38	39	34	22	92	67	41	29.94	29.79	29.7	10	7	2	26	14	38	0.23	7	Rain	329
4/6/2014	59	47	35	22	20	14	56	37	17	30.19	30.08	29.95	10	10	10	17	9	22	0	0		283
4/7/2014	59	49	38	40	30	24	89	59	28	30.25	30.14	29.93	10	9	2	17	8	21	0.04	7	Rain	139
4/8/2014	65	54	43	56	47	31	100	76	52	29.9	29.51	29.31	10	5	1	29	13	37	0.67	7	Rain	173
4/9/2014	59	50	41	34	26	9	67	45	22	29.98	29.67	29.54	10	10	10	24	13	32	0	2		305
4/10/2014	60	47	34	35	21	10	61	43	24	30.16	30.07	30	10	10	10	28	14	35	0	1		220
4/11/2014	69	59	48	48	40	34	72	55	37	30.02	29.97	29.91	10	10	10	21	10	25	T	7	Rain	231
4/12/2014	69	59	49	45	35	25	86	53	20	30.21	30.11	29.98	10	10	9	20	9	26	0.04	4	Rain	280
4/13/2014	63	54	45	50	41	35	86	68	50	30.28	30.16	30.03	10	10	6	15	8	21	0.04	7	Rain	138
4/14/2014	75	66	57	54	52	50	80	63	46	30.02	29.95	29.89	10	10	10	41	22	51	0	6		211
4/15/2014	68	55	41	58	55	41	90	77	63	29.91	29.72	29.58	10	6	2	45	24	58	0.62	8	Rain	209
4/16/2014	45	38	31	39	24	12	85	57	28	30.62	30.12	29.75	10	8	1	26	15	35	0.36	5	Rain-Snow	325
4/17/2014	40	36	32	26	23	15	75	61	47	30.82	30.75	30.63	10	10	10	22	14	28	0	3		51
4/18/2014	42	37	31	33	30	26	85	75	64	30.65	30.47	30.26	10	10	9	17	9	21	0	7		73
4/19/2014	63	50	37	34	30	23	85	56	27	30.42	30.24	30.18	10	10	10	22	12	30	0	4		299
4/20/2014	48	44	39	33	27	23	76	57	38	30.54	30.46	30.36	10	10	10	15	9	20	0	3		83
4/21/2014	69	53	36	38	32	23	82	52	22	30.33	30.08	29.86	10	10	10	17	9	24	0	4		195
4/22/2014	73	60	47	51	42	38	93	62	31	29.83	29.62	29.49	10	10	6	21	12	26	0.05	5	Rain	205
4/23/2014	57	52	46	51	43	31	93	72	50	29.61	29.48	29.43	10	8	2	31	15	41	0.23	7	Rain	296
4/24/2014	59	51	42	29	23	17	49	37	24	29.92	29.72	29.6	10	10	10	36	21	46	0	1		320
4/25/2014	57	50	43	36	29	25	56	45	33	30.02	29.92	29.84	10	10	10	21	11	24	0	5		201
4/26/2014	47	45	42	41	38	34	89	75	60	29.88	29.83	29.8	10	8	3	14	7	17	0.2	7	Rain	79
4/27/2014	50	46	41	41	39	36	89	77	65	30.04	29.94	29.86	10	10	6	15	6	20	0.15	8	Rain	76
4/28/2014	54	48	42	40	37	34	76	63	50	30.24	30.08	30	10	10	10	24	11	30	T	5	Rain	29
4/29/2014	44	43	42	38	35	33	82	76	70	30.54	30.44	30.25	10	10	10	24	17	31	T	8	Rain	63
4/30/2014	45	43	41	41	37	34	96	83	70	30.54	30.45	30.19	10	9	4	20	14	25	0.35	8	Rain	94
5/1/2014	60	52	44	55	48	42	100	89	78	30.14	29.82	29.67	8	3	0	12	6	17	0.62	7	Fog-Rain	75
5/2/2014	69	60	50	49	38	34	86	58	29	29.81	29.71	29.65	10	10	5	22	10	30	0.01	5	Rain	288
5/3/2014	67	59	50	43	39	36	59	50	40	29.87	29.8	29.73	10	10	10	17	9	21	0	5		223
5/4/2014	62	56	50	44	37	33	71	54	36	29.71	29.6	29.54	10	10	10	32	16	46	T	5	Rain	257
5/5/2014	66	58	50	42	38	35	66	50	34	29.86	29.75	29.62	10	10	10	24	14	30	0	5		315
5/6/2014	64	56	47	37	32	23	71	48	25	30.04	29.9	29.83	10	10	10	23	10	31	0	5		318
5/7/2014	69	58	47	40	31	26	51	37	22	30.18	30.14	30.05	10	10	9	17	10	21	0	2		280
5/8/2014	62	55	48	52	38	31	77	58	39	30.2	30.16	30.1	10	10	10	20	7	24	0	4		115
5/9/2014	59	55	50	52	49	46	93	83	72	30.25	30.19	30.09	10	6	0	10	4	12	T	8	Rain	60
5/10/2014	80	69	57	63	59	53	93	68	42	30.08	29.85	29.75	10	8	1	28	12	35	0.34	8	Rain-Thunderstorm	222
5/11/2014	80	71	62	58	38	27	78	46	14	30.02	29.91	29.79	10	10	9	22	12	31	T	3	Rain	276
5/12/2014	85	69	52	55	43	36	66	43	20	30.13	30.04	29.96	10	10	10	31	11	38	0	3		234
5/13/2014	52	49	46	44	40	36	80	71	61	30.35	30.3	30.17	10	10	10	17	10	24	0	7		69
5/14/2014	63	55	46	53	46	40	86	71	56	30.35	30.31	30.26	10	10	10	20	9	22	T	6		121
5/15/2014	77	67	57	61	58	53	93	77	61	30.3	30.26	30.21	10	10	9	20	9	23	T	7		159
5/16/2014	73	66	59	63	60	57	100	82	64	30.2	30.09	29.99	10	8	2	24	14	30	0.06	8	Rain	164
5/17/2014	75	67	58	63	54	34	100	64	27	30.06	29.92	29.86	10	7	1	24	13	30	0.65	6	Rain	215
5/18/2014	63	58	52	46	41	35	66	53	39	30.11	30.06	30.02	10	10	10	16	9	21	0	4		357
5/19/2014	68	60	52	46	37	30	77	53	28	30.09	30.05	30	10	10	7	29	13	37	0.05	5	Rain	318
5/20/2014	69	61	53	48	44	38	77	55	32	30.01	29.98	29.95	10	10	10	18	9	26	T	4		286
5/21/2014	65	59	52	52	49	45	86	74	62	30.01	29.98	29.95	10	10	10	16	7	20	0	3		97
5/22/2014	59	55	51	54	51	48	100	90	80	29.94	29.91	29.88	10	5	0	18	8	22	0.25	6	Fog-Rain	92
5/23/2014	57	55	52	54	50	47	100	89	77	29.99	29.93	29.88	10	8	2	15	9	21	0.02	8	Rain	92
5/24/2014	61	57	52	50	48	43	89	71	53	30.06	30.01	29.96	10	10	4	15	8	17	0.18	7	Rain	52
5/25/2014	66	59	52	53	51	48	93	79	65	30.1	30.06	30.01	10	10	7	16	7	20	0	5		118
5/26/2014	79	67	55	57	53	50	86	63	39	30	29.88	29.79	10	10	9	22	12	31	0.01	6	Rain	239
5/27/2014	74	62	50	56	51	46	93	71	49	29.97	29.9	29.8	10	6	0	20	12	24	0.48	7	Fog-Rain-Thunderstorm	57
5/28/2014	50	47	44	48	45	39	93	85	76	30.22	30.06	29.9	10	5	2	24	15	31	0.08	7	Rain	43
5/29/2014	58	51	43	46	42	32	89	67	45	30.25	30.21	30.17	10	10	10	13	8	16	0	3		68
5/30/2014	66	57	48	54	48	43	89	73	56	30.15	30.06	30	10	10	6	17	8	20	0.11	5	Rain-Thunderstorm	127
5/31/2014	60	56	52	49	46	38	89	68	47	30.3	30.18	30.06	10	10	10	20	10	22	T	5		28
6/1/2014	66	59	51	49	44	35	77	61	44	30.35	30.29	30.24	10	10	10	12	8	16	0	2		98
6/2/2014	83	70	56	53	48	43	62	44	26	30.24	30.12	30	10	10	10	16	9	22	0	3		205
6/3/2014	72	65	57	56	53	48	86	72	57	30.02	29.97	29.91	10	10	10	24	11	29	0	2		130
6/4/2014	60	58	55	56	53	47	93	80	67	29.9	29.86	29.79	10	10	2	13	6	16	0.14	8	Rain	81
6/5/2014	60	59	57	58	57	55	100	92	84	29.8	29.71	29.64	10	4	0	17	7	22	0.78	7	Fog-Rain	25
6/6/2014	76	67	57	66	53	50	93	67	41	29.93	29.77	29.69	10	10	10	18	11	24	0	4		292
6/7/2014	80	71	61	60	55	51	73	58	42	29.93	29.9	29.86	10	10	10	14	8	18	0	2		241
6/8/2014	81	74	67	59	55	52	66	55	43	29.94	29.91	29.86	10	10	8	15	8	17	0	4		151
6/9/2014	81	74	66	59	55	53	73	56	39	29.99	29.95	29.9	10	10	10	21	11	26	T	7		232
6/10/2014	79	69	59	67	61	54	93	80	67	30.12	29.99	29.93	10	8	0	28	9	48	0.85	8	Fog-Rain	117
6/11/2014	63	61	58	55	54	53	86	79	72	30.21	30.17	30.11	10	10	10	15	10	18	T	5	Rain	66
6/12/2014	66	63	59	57	55	52	84	79	73	30.17	30.13	30.08	10	10	9	21	12	25	T	8		97
6/13/2014	64	62	59	61	59	55	100	89	78	30.06	29.92	29.79	10	3	0	23	10	31	0.54	8	Fog-Rain	73
6/14/2014	77	68	58	63	58	50	100	79	57	29.9	29.84	29.81	10	6	0	18	8	26	0.01	7	Fog-Rain	356
6/15/2014	80	69	58	54	51	46	75	56	36	30.05	29.97	29.9	10	10	10	20	12	26	0	4		312
6/16/2014	73	68	62	54	49	46	59	50	41	30.15	30.09	30.03	10	10	10	17	10	20	0	5		65
6/17/2014	84	73	62	68	62	52	84	70	55	30.06	29.98	29.87	10	9	6	17	11	21	0.02	6	Rain	204
6/18/2014	87	78	68	66	61	56	87	64	40	29.94	29.81	29.73	10	10	6	32	14	43	T	5	Rain	275
6/19/2014	84	76	67	61	51	34	68	45	21	29.96	29.93	29.89	10	10	10	20	11	24	0	5		317
6/20/2014	77	69	61	46	41	37	52	38	24	29.98	29.93	29.88	10	10	10	21	12	28	0	2		319
6/21/2014	75	66	57	54	46	40	67	50	33	29.97	29.93	29.88	10	10	10	15	7	22	0	3		318
6/22/2014	71	65	59	52	47	42	67	56	44	30.04	29.98	29.93	10	10	10	16	8	20	0	3		91
6/23/2014	77	68	59	57	53	47	84	65	45	30.18	30.12	30.05	10	10	10	21	9	25	0	3		146
6/24/2014	84	72	60	59	56	52	84	63	42	30.18	30.1	30.02	10	10	10	23	13	28	0	4		197
6/25/2014	89	78	66	68	63	53	84	65	46	30.01	29.93	29.86	10	10	10	22	15	28	0	3		212
6/26/2014	81	71	60	73	65	54	94	82	69	30.02	29.86	29.79	10	9	2	20	10	24	0.28	7	Rain	129
6/27/2014	72	66	59	56	47	35	84	56	28	30.21	30.12	30.01	10	10	10	16	8	21	0	2		85
6/28/2014	80	70	59	58	52	40	72	54	35	30.27	30.25	30.21	10	10	10	12	7	26	0	3		157
6/29/2014	86	74	62	60	55	48	78	54	29	30.26	30.19	30.11	10	10	10	18	9	23	0	5		190
6/30/2014	89	77	64	64	59	54	78	59	39	30.1	30	29.92	10	10	10	20	13	28	0	3		223
7/1/2014	89	79	69	70	65	57	84	67	50	29.94	29.86	29.8	10	10	10	24	14	30	0	5		214
7/2/2014	91	82	73	72	69	65	79	66	52	29.92	29.88	29.82	10	10	10	25	15	32	T	3	Rain	203
7/3/2014	92	81	69	72	70	66	87	69	50	30.01	29.94	29.88	10	9	1	28	10	43	0.28	6	Rain-Thunderstorm	204
7/4/2014	76	70	64	70	65	62	97	85	73	30	29.92	29.79	10	5	1	21	8	26	1.88	7	Rain	2
7/5/2014	80	70	59	63	53	40	93	61	29	30	29.88	29.76	10	9	3	30	17	40	0.35	6	Rain	292
7/6/2014	85	76	66	59	51	45	66	49	31	30	29.93	29.86	10	10	10	25	15	33	0	2		243
7/7/2014	88	79	69	67	64	60	78	62	46	29.87	29.78	29.69	10	10	4	26	15	33	0.08	4	Rain-Thunderstorm	220
7/8/2014	92	83	73	68	66	64	84	64	44	29.8	29.74	29.69	10	10	7	21	15	32	T	6	Rain	218
7/9/2014	88	81	73	69	64	60	87	65	42	29.94	29.81	29.66	10	10	7	21	14	26	0	5		221
7/10/2014	82	74	66	61	56	51	81	59	36	30.14	30.06	29.94	10	10	10	9	8	13	0	4		272
7/11/2014	73	68	63	61	57	55	84	71	57	30.24	30.2	30.14	10	10	10	13	7	16	0	4		67
7/12/2014	80	71	62	63	60	57	84	66	48	30.22	30.18	30.11	10	10	10	17	8	22	0	1		163
7/13/2014	85	77	68	66	61	58	79	61	43	30.12	30.01	29.9	10	10	10	25	16	30	T	5		202
7/14/2014	86	79	71	73	70	66	100	81	61	29.91	29.88	29.86	10	7	1	18	10	23	0.67	8	Rain	203
7/15/2014	85	78	71	74	72	70	100	85	70	29.86	29.8	29.75	10	8	1	21	11	25	T	8	Rain	191
7/16/2014	76	73	69	72	70	63	93	81	68	29.85	29.78	29.76	10	7	0	18	8	23	0.85	8	Fog-Rain-Thunderstorm	194
7/17/2014	81	74	67	62	57	54	73	58	42	30.07	29.94	29.85	10	10	10	14	8	24	0	5		293
7/18/2014	76	71	65	60	56	52	81	64	46	30.23	30.17	30.07	10	10	10	14	8	17	0	3		137
7/19/2014	72	68	63	62	61	58	93	83	73	30.27	30.24	30.22	10	10	8	12	5	14	0	6		98
7/20/2014	72	67	61	63	59	55	93	75	57	30.22	30.19	30.15	10	10	10	13	7	17	T	7		56
7/21/2014	73	67	61	62	61	59	100	84	68	30.21	30.18	30.15	10	8	1	14	6	16	0	4	Fog	52
7/22/2014	87	75	63	68	65	61	93	72	50	30.15	30.08	29.99	10	10	10	20	10	26	0	2		187
7/23/2014	92	82	71	72	68	64	79	64	49	29.98	29.85	29.75	10	10	10	23	13	26	0	4		217
7/24/2014	76	70	63	68	64	61	93	81	68	29.91	29.82	29.75	10	10	9	16	8	20	T	7		35
7/25/2014	83	73	62	60	54	49	76	56	36	29.98	29.94	29.9	10	9	7	15	8	21	0	2		279
7/26/2014	85	75	64	63	58	53	78	58	37	29.98	29.93	29.87	10	10	9	24	12	32	0	3		219
7/27/2014	80	73	66	70	67	63	97	82	67	29.89	29.77	29.68	10	8	1	23	9	30	0.35	6	Rain	193
7/28/2014	84	75	65	72	67	62	100	77	54	29.68	29.56	29.44	10	7	1	23	11	29	0.11	6	Rain-Thunderstorm	179
7/29/2014	79	72	64	62	57	53	78	63	47	29.94	29.79	29.55	10	10	10	18	9	25	0	3		265
7/30/2014	78	71	63	59	55	47	73	55	36	30.04	29.99	29.95	10	10	10	14	7	23	0	3		205
7/31/2014	81	72	62	62	58	55	84	66	48	30.17	30.09	30.04	10	10	10	18	10	23	0	3		199
8/1/2014	82	74	65	67	64	61	87	73	58	30.22	30.2	30.16	10	10	7	20	9	23	0	4		177
8/2/2014	72	67	62	67	61	56	93	86	78	30.24	30.19	30.13	10	8	5	13	5	16	0.03	7	Rain	102
8/3/2014	70	66	62	63	60	59	93	85	76	30.14	30.11	30.06	10	9	7	13	5	15	T	7	Rain	73
8/4/2014	80	71	62	67	65	61	100	81	62	30.04	30.02	29.99	10	9	5	15	8	18	T	3		185
8/5/2014	82	76	70	68	66	64	90	74	58	30.03	29.96	29.88	10	10	8	16	8	20	0	2		163
8/6/2014	83	77	70	65	60	48	73	53	33	29.86	29.83	29.78	10	10	10	16	8	22	0.01	6		319
8/7/2014	79	72	64	61	54	51	78	60	42	29.94	29.88	29.83	10	10	7	20	8	23	0.01	3	Rain	299
8/8/2014	85	73	61	55	53	47	78	53	28	30.02	29.98	29.93	10	10	10	16	10	22	0	2		302
8/9/2014	78	72	65	60	56	52	68	56	43	30.09	30.06	30.01	10	10	10	14	8	18	0	1		195
8/10/2014	80	73	66	62	57	50	81	59	37	30.14	30.11	30.08	10	10	10	14	8	17	0	2		97
8/11/2014	84	75	65	61	59	56	81	62	42	30.15	30.12	30.09	10	10	10	17	9	22	0	2		189
8/12/2014	82	73	64	64	62	57	93	71	48	30.13	30.09	30.04	10	10	10	18	9	22	0	5		154
8/13/2014	69	67	64	70	64	63	100	91	81	30.01	29.79	29.61	10	5	1	25	14	31	1.06	8	Rain	111
8/14/2014	77	70	62	61	53	47	90	63	36	29.87	29.77	29.66	10	10	10	21	12	29	0	2		273
8/15/2014	75	68	60	57	52	50	84	63	41	29.93	29.88	29.83	10	10	10	18	8	29	T	6	Rain	269
8/16/2014	78	70	61	57	52	50	73	55	37	29.97	29.93	29.92	10	10	10	21	12	28	0	7		234
8/17/2014	81	73	64	62	58	52	93	69	45	29.91	29.82	29.76	10	10	10	23	9	29	T	5		260
8/18/2014	79	71	62	54	51	46	72	54	36	29.88	29.82	29.79	10	10	10	18	10	23	0	2		311
8/19/2014	74	67	59	56	52	49	73	61	49	29.96	29.91	29.87	10	10	10	17	8	18	0	1		89
8/20/2014	74	67	59	61	58	53	93	73	53	30.06	30.02	29.96	10	10	10	15	5	18	0	2		94
8/21/2014	72	66	60	64	62	59	97	85	73	30.11	30.08	30.06	10	10	10	14	6	15	0	6		60
8/22/2014	72	68	63	65	62	60	93	81	68	30.11	30.09	30.07	10	10	6	15	10	18	0.08	7	Rain	34
8/23/2014	72	67	61	61	58	53	90	76	61	30.14	30.12	30.09	10	10	10	17	9	20	0	4		32
8/24/2014	75	69	63	58	54	51	72	59	46	30.15	30.13	30.11	10	10	9	10	6		0	2		125
8/25/2014	81	74	67	63	60	57	78	64	49	30.15	30.12	30.1	10	10	10	13	7	15	0	1		104
8/26/2014	85	75	64	66	63	61	93	72	51	30.16	30.1	30.03	10	10	9	18	11	23	0	1		185
8/27/2014	91	79	67	70	64	58	82	63	44	30.04	29.92	29.84	10	10	10	21	13	33	0.02	3	Rain	226
8/28/2014	82	73	64	69	54	44	87	59	30	29.99	29.84	29.79	10	10	10	22	13	29	0	3		326
8/29/2014	71	65	59	56	52	48	84	69	53	30.28	30.16	30	10	10	10	17	10	22	0	2		57
8/30/2014	79	69	58	60	56	51	93	66	39	30.31	30.23	30.14	10	10	10	18	10	25	0	2		194
8/31/2014	85	76	67	73	69	61	100	81	61	30.13	30.02	29.95	10	9	1	23	13	30	0.54	7	Rain	217
9/1/2014	85	79	72	72	70	67	93	74	55	29.99	29.94	29.91	10	10	10	14	8	17	0	5		188
9/2/2014	93	82	71	74	71	68	93	70	47	29.93	29.84	29.73	10	10	4	21	9	26	0.01	3	Rain-Thunderstorm	214
9/3/2014	85	79	72	71	59	52	87	62	36	30.08	29.92	29.7	10	10	9	22	12	28	0	3		279
9/4/2014	83	75	66	60	57	54	73	58	42	30.19	30.13	30.08	10	10	10	18	8	25	0	1		233
9/5/2014	91	79	67	70	65	60	82	63	44	30.16	30.08	29.97	10	10	10	21	12	30	0	1		212
9/6/2014	92	81	69	72	69	62	87	68	49	29.97	29.87	29.75	10	9	1	31	15	45	0.22	5	Rain-Thunderstorm	246
9/7/2014	76	70	63	61	57	47	81	59	36	30.21	30.06	29.92	10	10	7	18	8	24	0.15	4	Rain	5
9/8/2014	71	65	59	58	54	52	78	69	59	30.39	30.34	30.22	10	10	10	17	10	23	0	3		51
9/9/2014	69	65	61	60	56	52	93	74	55	30.36	30.29	30.2	10	10	10	14	10	17	0	5		59
9/10/2014	70	65	60	61	59	57	97	82	66	30.19	30.13	30.04	10	9	2	14	8	23	0	6		32
9/11/2014	80	71	62	68	62	59	100	79	58	30.04	29.91	29.77	10	8	3	26	13	32	0	7		200
9/12/2014	68	62	56	57	50	46	78	63	48	30.24	30.08	29.91	10	10	10	17	9	23	0	2		337
9/13/2014	67	60	53	59	53	46	97	80	63	30.29	30.2	30.11	10	9	2	17	11	22	0.13	7	Rain	22
9/14/2014	66	59	52	57	47	41	93	68	42	30.23	30.18	30.1	10	10	10	20	10	25	0	3		309
9/15/2014	67	58	48	48	45	41	80	61	42	30.25	30.18	30.11	10	10	10	13	7	17	0	2		35
9/16/2014	65	60	55	55	52	49	84	74	63	30.11	30.01	29.96	10	10	10	13	5	14	T	5	Rain	175
9/17/2014	69	62	54	53	50	44	86	66	45	30.02	29.98	29.94	10	10	10	15	7	17	0	1		213
9/18/2014	75	65	55	51	47	41	72	54	35	30.15	29.99	29.94	10	10	10	20	7	24	0	3		322
9/19/2014	56	51	46	40	35	30	65	53	41	30.43	30.36	30.17	10	10	10	16	10	20	0	2		59
9/20/2014	73	60	47	56	48	38	82	66	49	30.4	30.26	30.1	10	10	10	22	12	26	0	3		189
9/21/2014	82	73	63	68	64	57	97	80	62	30.08	29.78	29.55	10	10	5	17	8	21	0.01	7	Rain	170
9/22/2014	74	64	53	68	52	38	97	66	35	30.09	29.73	29.53	10	10	10	26	15	33	0	2		266
9/23/2014	72	61	50	48	41	38	66	51	35	30.43	30.26	30.11	10	10	10	15	7	21	0	2		280
9/24/2014	66	60	54	55	51	48	83	74	64	30.63	30.57	30.44	10	10	10	15	10	20	0	3		52
9/25/2014	62	58	53	52	51	49	83	76	69	30.55	30.41	30.25	10	10	10	12	7	14	0	6		47
9/26/2014	69	62	54	55	51	48	80	68	55	30.24	30.2	30.15	10	10	9	10	5	12	0	3		27
9/27/2014	81	71	60	58	55	52	84	62	39	30.18	30.15	30.12	10	10	10	10	5	14	0	0		249
9/28/2014	87	74	60	61	60	58	90	65	40	30.16	30.07	29.98	10	10	7	13	5	26	0	1		211
9/29/2014	74	66	57	61	58	56	93	75	57	30.02	29.98	29.95	10	8	1	18	10	23	T	6	Rain	14
9/30/2014	57	57	56	56	55	54	100	97	93	30.06	30.02	30	10	8	1	17	9	21	0.18	8	Rain	20
10/1/2014	57	57	56	56	56	55	100	97	93	30.11	30.07	30.01	10	4	2	25	16	30	1.16	8	Rain	29
10/2/2014	56	54	51	56	52	46	100	92	83	30.18	30.15	30.1	10	8	2	22	14	28	0.16	7	Rain	22
10/3/2014	55	52	48	54	50	46	100	89	77	30.14	30.04	29.91	10	8	2	14	8	17	0.01	6	Rain	3
10/4/2014	63	58	53	63	57	53	100	97	93	29.91	29.71	29.53	10	4	0	20	8	24	0.35	8	Fog-Rain	107
10/5/2014	61	55	49	59	42	33	97	67	36	29.95	29.74	29.54	10	10	10	20	12	24	0	2		260
10/6/2014	67	55	43	51	42	38	86	60	34	30.16	30.09	29.97	10	10	10	20	8	23	0	0		192
10/7/2014	73	64	55	63	57	52	93	71	49	30.15	30.07	29.98	10	10	8	30	13	38	0.01	5	Rain	172
10/8/2014	73	66	58	63	54	40	93	66	38	29.97	29.8	29.7	10	10	10	25	14	37	0.01	5	Rain	215
10/9/2014	66	58	50	43	37	32	61	46	31	30	29.92	29.88	10	10	10	24	12	31	0	2		250
10/10/2014	63	57	51	38	36	35	59	48	36	30.14	30.07	30.01	10	10	10	18	10	24	0	4		281
10/11/2014	54	51	47	46	42	36	93	72	50	30.14	30.11	30.07	10	9	5	10	5	15	0.31	6	Rain	325
10/12/2014	59	52	44	44	40	38	93	70	47	30.31	30.24	30.14	10	10	10	14	9	18	0	1		282
10/13/2014	63	54	45	54	46	40	82	69	55	30.37	30.32	30.26	10	10	10	16	8	22	0	6		205
10/14/2014	78	68	57	63	60	54	93	75	56	30.26	30.21	30.16	10	10	7	23	11	28	0	5		201
10/15/2014	81	71	61	66	63	60	93	74	54	30.16	30.08	29.98	10	10	10	23	9	30	0	4		168
10/16/2014	70	65	60	68	64	60	100	94	87	29.96	29.82	29.66	10	8	1	28	10	35	0.63	8	Rain	147
10/17/2014	71	64	57	61	57	50	100	76	51	29.7	29.65	29.62	10	9	5	23	11	31	0	3		210
10/18/2014	71	63	55	59	56	48	100	81	61	29.66	29.58	29.49	10	10	9	22	12	26	T	5		217
10/19/2014	56	50	43	47	35	25	77	61	44	29.96	29.78	29.6	10	10	10	20	14	29	0	7		311
10/20/2014	58	49	39	41	30	23	68	52	36	30.07	30.01	29.96	10	10	10	20	11	28	0	4		240
10/21/2014	62	56	49	56	52	42	96	85	74	30.01	29.96	29.91	10	10	9	16	7	18	T	6	Rain	82
10/22/2014	56	53	50	54	50	48	100	95	89	30.02	29.91	29.77	10	4	1	44	25	54	0.87	8	Rain-Thunderstorm	26
10/23/2014	54	51	48	54	50	48	100	97	93	29.77	29.65	29.58	10	4	2	38	25	48	2.25	8	Rain-Thunderstorm	13
10/24/2014	52	49	46	49	46	41	100	86	71	29.74	29.69	29.66	10	8	2	16	11	23	0.05	8	Rain	323
10/25/2014	64	55	46	46	42	38	86	62	37	29.76	29.66	29.49	10	10	10	17	10	23	0	4		260
10/26/2014	59	53	47	46	40	36	67	57	47	29.71	29.53	29.45	10	10	10	24	13	33	T	5		270
10/27/2014	63	55	46	39	38	36	71	55	39	30.03	29.87	29.72	10	10	10	21	11	28	0	1		283
10/28/2014	60	53	45	53	47	39	100	86	71	30.09	30.01	29.95	10	10	7	14	4	17	0	5		88
10/29/2014	74	63	52	60	53	41	93	71	49	29.94	29.85	29.75	10	7	1	21	7	32	0.02	8	Rain	282
10/30/2014	59	53	46	44	39	36	80	62	43	30	29.93	29.88	10	10	10	16	8	22	0	2		301
10/31/2014	54	50	45	39	37	35	76	66	56	30.05	30.01	29.96	10	10	10	18	11	23	0	8		40
11/1/2014	49	44	39	44	39	34	93	77	61	29.94	29.86	29.78	10	7	2	29	17	36	0.59	8	Rain	4
11/2/2014	42	38	34	36	29	15	89	62	34	29.81	29.69	29.62	10	8	1	35	21	44	0.31	7	Rain-Snow	328
11/3/2014	53	45	36	30	18	8	47	32	16	30.06	29.95	29.83	10	10	10	28	15	37	0	2		278
11/4/2014	57	51	45	44	35	28	71	53	35	30.14	30.08	30	10	10	10	15	6	18	0	5		169
11/5/2014	66	57	47	48	40	31	77	56	34	30.13	30.02	29.96	10	10	9	20	9	25	0	7		243
11/6/2014	51	49	46	48	45	38	100	83	66	30.11	29.84	29.49	10	5	1	18	5	24	0.59	7	Rain	79
11/7/2014	49	44	39	47	37	24	93	73	53	29.79	29.54	29.46	10	8	2	25	14	36	T	7	Rain	300
11/8/2014	48	42	35	31	25	21	65	51	37	29.96	29.9	29.81	10	10	10	20	10	26	0	5		245
11/9/2014	56	48	40	37	33	30	70	57	43	30.02	29.93	29.88	10	10	10	16	8	21	0	7		261
11/10/2014	58	48	37	46	35	31	93	66	39	30.21	30.14	30.03	10	10	10	12	5	15	0	3		192
11/11/2014	63	53	42	51	47	38	100	80	60	30.19	30.09	29.98	10	9	2	15	5	21	0	5		163
11/12/2014	60	53	46	54	49	32	100	75	50	30.01	29.92	29.85	10	3	0	17	5	22	0	6	Fog	118
11/13/2014	50	44	38	35	29	24	85	62	39	30.09	30.01	29.96	10	10	7	15	8	22	0.06	5	Rain	298
11/14/2014	44	39	33	34	27	16	100	67	33	30.1	29.96	29.91	10	8	2	20	11	25	0.23	5	Rain-Snow	311
11/15/2014	40	35	30	23	16	11	66	49	32	30.34	30.24	30.11	10	10	10	16	9	21	0	1		295
11/16/2014	42	36	29	31	23	17	70	57	44	30.39	30.29	30.14	10	10	10	20	8	24	T	6	Rain	220
11/17/2014	48	43	37	48	41	30	100	83	65	30.12	29.75	29.43	10	4	1	21	6	25	1.64	8	Rain	358
11/18/2014	44	36	27	41	19	4	100	66	32	29.93	29.7	29.46	10	10	10	25	16	33	0	2		270
11/19/2014	37	31	24	15	9	5	53	41	29	30.14	30.08	29.94	10	10	10	23	14	31	0	2		245
11/20/2014	48	40	31	22	18	14	63	47	31	30.05	29.89	29.74	10	10	10	29	14	37	0	3		249
11/21/2014	36	32	27	15	10	4	53	42	31	30.42	30.17	29.93	10	10	10	26	15	35	0	1		286
11/22/2014	44	34	24	23	13	7	60	41	22	30.44	30.26	30.06	10	10	10	28	16	33	0	5		233
11/23/2014	59	51	42	38	32	22	76	59	41	30.14	30.11	30.06	10	10	10	18	9	22	T	5		223
11/24/2014	65	54	42	62	53	38	100	88	76	30.09	29.79	29.59	10	7	2	26	15	36	0.28	6	Rain	174
11/25/2014	62	55	48	55	40	26	93	61	28	30.12	29.88	29.7	10	10	9	20	12	26	0	6		234
11/26/2014	50	42	33	37	33	28	100	71	42	30.21	29.99	29.68	10	5	1	31	15	38	1.44	8	Rain-Snow	1
11/27/2014	38	35	31	32	29	26	92	81	70	30.01	29.92	29.7	10	7	2	21	10	29	0.02	8	Rain-Snow	318
11/28/2014	35	31	27	28	24	16	92	72	51	30.22	30.06	29.99	10	6	1	20	11	25	0.11	6	Snow	314
11/29/2014	34	29	23	24	16	13	68	55	41	30.35	30.31	30.24	10	10	10	13	7	21	0	2		248
11/30/2014	57	45	32	43	37	25	85	66	47	30.27	30.13	30.03	10	10	10	23	12	30	0	7		197
12/1/2014	64	52	39	46	40	26	74	63	52	30.45	30.13	30.01	10	10	10	22	13	29	0.01	6	Rain	268
12/2/2014	42	38	33	40	27	17	92	72	51	30.71	30.59	30.4	10	8	2	24	15	29	0.1	7	Rain-Snow	62
12/3/2014	51	44	37	49	42	24	100	79	57	30.4	30.07	29.87	10	5	1	29	12	38	0.44	8	Rain	254
12/4/2014	43	37	30	24	21	13	69	54	39	30.56	30.33	30.09	10	10	10	25	12	33	0	3		292
12/5/2014	42	34	26	37	25	12	85	66	47	30.68	30.59	30.45	10	10	5	22	10	26	0.11	5	Rain	61
12/6/2014	45	42	38	45	40	36	100	93	85	30.42	30.24	30.16	10	4	0	22	8	25	1.09	8	Rain	313
12/7/2014	38	30	21	36	20	-3	92	61	29	30.69	30.46	30.24	10	10	5	25	15	32	0.13	6	Rain	350
12/8/2014	29	24	18	28	16	3	92	70	47	30.77	30.67	30.51	10	8	2	21	13	28	0.03	8	Snow	354
12/9/2014	46	36	25	46	38	28	100	95	85	30.51	30.26	29.73	10	3	1	34	14	48	0.94	8	Rain	43
